变量,能力差,冗长度差,格式倾向差,用户输入长度,对话轮数,回答长度差,标题密度差,粗体密度差,列表密度差,A 模型获胜
能力差,1.000,0.758,0.596,-0.003,-0.001,0.349,0.128,0.268,-0.085,0.319
冗长度差,0.758,1.000,0.826,-0.004,0.001,0.456,-0.001,0.306,-0.022,0.241
格式倾向差,0.596,0.826,1.000,-0.003,0.001,0.378,0.197,0.512,0.136,0.191
用户输入长度,-0.003,-0.004,-0.003,1.000,0.121,-0.017,-0.002,-0.005,-0.008,0.003
对话轮数,-0.001,0.001,0.001,0.121,1.000,0.014,-0.000,0.001,0.001,-0.002
回答长度差,0.349,0.456,0.378,-0.017,0.014,1.000,-0.011,0.132,-0.038,0.178
标题密度差,0.128,-0.001,0.197,-0.002,-0.000,-0.011,1.000,0.324,0.148,0.069
粗体密度差,0.268,0.306,0.512,-0.005,0.001,0.132,0.324,1.000,0.238,0.116
列表密度差,-0.085,-0.022,0.136,-0.008,0.001,-0.038,0.148,0.238,1.000,-0.013
A 模型获胜,0.319,0.241,0.191,0.003,-0.002,0.178,0.069,0.116,-0.013,1.000
